"DAG 16:0;0_16:0;0" "DAG 16:0;0_18:0;0" "DAG 18:1;0_18:1;0" "PA 16:0;0_16:0;0" "PA 18:1;0_18:1;0"
"AR" 0.928019367018525 0.881606131632695 -0.682109965148694 0.966173348372624 -0.536414509877253
"ARID2" -0.281235034612067 -0.373002111737939 0.505302861708946 -0.163648408994146 0.469566692150468
"ARNTL" -0.024942892867541 -0.0329892444431775 -0.0780302295418193 0.19981132995961 -0.199352496888136
"ASCL1" 0.380250272996884 0.421697900083521 -0.358433396554612 0.161772746267255 -0.213472607699244
"ATF1" -0.521445040875762 -0.53828885719859 0.66503399749875 -0.771551667475154 0.744562073538525
"ATF2" 0.438832491675734 0.339755639814376 -0.0892640246262957 0.523573784277847 0.00199969240445091
"ATF3" -0.983125311530669 -0.95775389589434 0.779211011219848 -0.976058019108131 0.615140797145937
"ATF4" 0.816877366787985 0.86649132320275 -0.793043264302701 0.630522134501874 -0.605214963400486
"ATF6" 0.89630050006922 0.83415580238794 -0.597581015877085 0.932670166982059 -0.443836138348214
"ATF7" 0.933108813116819 0.899121278519052 -0.738127452323435 0.984863961370009 -0.608655846535106
"BACH1" 0.527962900756671 0.449774987528638 -0.0436860000187516 0.266010880080791 0.242173480841132
"BACH2" 0.737582458143543 0.780367917881408 -0.898259212907286 0.900423596520744 -0.917178392876595
"BATF" 0.897050710324076 0.828917713877232 -0.565597616777409 0.913169168194761 -0.395714229523598
"BCL11A" 0.986329887034667 0.999045231800023 -0.896593482581822 0.945174026049085 -0.74055047895191
"BCL6" -0.788363068588925 -0.695361540098561 0.383814970497149 -0.808311755733835 0.212359691172398
"BHLHE22" 0.67964548444349 0.754248397481973 -0.945979135067383 0.820052690947258 -0.983785716261995
"BHLHE40" -0.647218447352441 -0.540312246094551 0.0904100451244599 -0.458635662567348 -0.189913108687322
"CDX2" 0.661214772444219 0.562682267448688 -0.272431980378043 0.717768341635436 -0.134961408665655
"CEBPA" -0.332046001443357 -0.231680962192308 -0.0347278869340916 -0.37360573291466 -0.13722484044752
"CEBPB" 0.282319571334132 0.387498661313 -0.737164548542916 0.486085687370371 -0.892633583392983
"CEBPD" 0.276165079098222 0.385483268349572 -0.641476731337424 0.29661979751479 -0.698362353386296
"CEBPG" 0.5260631646744 0.419959846104496 -0.0717163958685142 0.487933555932236 0.107765592725047
"CLOCK" 0.483502047623787 0.587884875639655 -0.758569942956819 0.417273817066777 -0.731269789122398
"CREB1" -0.432745046651592 -0.545358103766614 0.811762768962725 -0.487705828966698 0.867059706637717
"CREB3" -0.975752681189045 -0.93795287157504 0.670819144178914 -0.867026679665205 0.440321814523447
"CREB3L1" 0.513483051221882 0.404198840810416 0.0407269199279869 0.317767258644529 0.305239712342501
"CREM" -0.179936173234839 -0.249266617407033 0.418600344711402 -0.206062686186597 0.464875948911369
"CTCF" -0.565248759388924 -0.460058123313623 0.133434789453852 -0.568628742927754 -0.0268220773092391
"CTCFL" -0.0668880690031235 -0.198177501040905 0.599443755038483 -0.203472980727374 0.762420368988161
"CUX1" 0.577414217287429 0.684770009199811 -0.881021439418432 0.56128956937719 -0.870151756889321
"DUXBL1" -0.413394217005786 -0.525530457545536 0.815366954021406 -0.507637584015142 0.895369690558777
"DUXBL2" -0.413394217005786 -0.525530457545536 0.815366954021406 -0.507637584015142 0.895369690558777
"DUXBL3" -0.413394217005786 -0.525530457545536 0.815366954021406 -0.507637584015142 0.895369690558777
"E2F1" -0.888966904231687 -0.924716587743386 0.955122657473918 -0.959561954708822 0.894164965886076
"E2F2" -0.909877366234587 -0.913633268163726 0.869398951259544 -0.99499605163366 0.790207673111155
"E2F3" -0.898249955186895 -0.897941162593996 0.850749368204911 -0.993817742263154 0.776232128688367
"E2F4" -0.92478947716061 -0.942255310507362 0.917542977297903 -0.986580961859752 0.83291887070912
"E2F5" -0.834970514543503 -0.852891974933423 0.879007253637561 -0.965992553268259 0.847356844606252
"E2F6" -0.892796053817086 -0.835967808422361 0.495064236525968 -0.722546670339999 0.227798614150211
"E2F7" -0.993854729463913 -0.999077752651987 0.868662023737584 -0.93827630440174 0.697743603819705
"EBF1" -0.281657193239783 -0.197045000533765 0.0499788867897189 -0.452654756732871 0.0414654570481154
"EGR1" 0.914424590372587 0.843473359542267 -0.54328504389848 0.881886424233114 -0.340908263834348
"EHF" -0.735297787638523 -0.638594430862162 0.331096151932773 -0.76819761765255 0.171364276052963
"ELF1" 0.846773376396381 0.857621428857314 -0.862575148614934 0.97426830159112 -0.821994905588622
"ELF3" 0.871351749324568 0.790921926261427 -0.487946854977033 0.867229263505661 -0.30108720849164
"ELF5" -0.215598621405078 -0.265017694662645 0.540762275419819 -0.522625680660348 0.72234237968944
"ELK1" 0.307407486661022 0.26292948016169 -0.0298405422956212 0.156144367617054 0.12800772816474
"ELK4" -0.863963644911159 -0.874444828179048 0.870250727378007 -0.980455555080914 0.820615309855497
"EOMES" -0.148928394111121 -0.0607411047723975 -0.28245640801653 0.0335332643155105 -0.478177889797455
"EPAS1" -0.0706834628264706 0.00773055492785485 -0.121636279957713 -0.230861027482178 -0.102485289737112
"ESR1" 0.21077212080887 0.287117325026075 -0.358025074090903 0.03987955418471 -0.290585834945654
"ESR2" 0.930886055089751 0.91146720235473 -0.795468963878418 0.996719280400025 -0.685124226457706
"ESRRA" 0.90750111723324 0.895294069130017 -0.652689467558489 0.715481157482865 -0.403921451667687
"ETS1" -0.300727786474883 -0.439642575875554 0.796532099977026 -0.372099372638091 0.896558140044549
"ETS2" -0.924995878275876 -0.961001203684694 0.963449261499468 -0.952647224732126 0.872858336482101
"ETV1" -0.958309129645116 -0.982728003054141 0.938539949832183 -0.961989766219696 0.820872323237669
"ETV4" -0.847400733229459 -0.757927906761347 0.386774600291218 -0.759147680238507 0.147900996565877
"FLI1" 0.712690265459734 0.616463019823025 -0.32261456138855 0.762921099773628 -0.176321422047874
"FOS" 0.83990325459497 0.852613253579887 -0.864974852189391 0.970800407574068 -0.828705726759448
"FOSL1" 0.956180078296088 0.920667958751294 -0.736614252625779 0.9788544099899 -0.586015981124129
"FOSL2" 0.279839120030237 0.192581011760736 -0.0300522120380582 0.435088935577074 -0.0106046963976163
"FOXA1" 0.183666006315086 0.0965260535466124 0.0672079319548781 0.317361741073484 0.0857792839258977
"FOXJ2" 0.278903115744141 0.197443667234531 -0.0677877014818697 0.465922119853051 -0.0714002556491976
"FOXK2" 0.928788008094132 0.900991793901112 -0.762064494890443 0.991012513903426 -0.643781149160181
"FOXL2" -0.519933620216347 -0.408057720797065 -0.0468402330817538 -0.31946281278455 -0.320556796485821
"FOXM1" -0.911902917442573 -0.943942887393566 0.952806185303362 -0.965672993438126 0.876164741913123
"FOXO1" 0.637038522599504 0.534798581820917 -0.102705956456843 0.457045449444532 0.169315575646069
"FOXO3" 0.72534013680024 0.628024062710996 -0.320879338437458 0.759598832387638 -0.162797697921917
"FOXO4" 0.617353905233223 0.512616836277752 -0.128731665115462 0.528820199042315 0.0911134256752865
"FOXP2" -0.968938935588145 -0.95181673758844 0.813488235583076 -0.993077842754993 0.675439332070136
"GABPA" 0.0247108628703539 -0.0231581214540792 0.0215344874265128 0.243344101160657 -0.060326101341272
"GATA2" 0.1090927254601 0.204770947815168 -0.41221056782734 0.0718382498778666 -0.450939134373897
"GATA3" 0.619019524841469 0.697484047734903 -0.918570957710116 0.781833689496169 -0.980794387065161
"GATA6" -0.291712588323562 -0.400195992787441 0.730886208795201 -0.449572669437464 0.862266047327293
"GFI1B" 0.119105814955455 0.187828834940148 -0.520875654817755 0.422322825225389 -0.728671190631591
"GLI2" -0.753976880314372 -0.79225537673146 0.894977868057155 -0.913368802052061 0.906241887757568
"GRHL2" 0.398201440075497 0.489111693067526 -0.592708399004327 0.257195135166056 -0.52538987547475
"HBP1" -0.925342878693033 -0.917681286347224 0.836509768824039 -0.999200594198013 0.740225087734811
"HIF1A" 0.504999867007148 0.561486512363047 -0.523562242191705 0.289130649501844 -0.372248476515998
"HINFP" -0.90251556310575 -0.929767158562224 0.937684555849029 -0.973883238721926 0.868964158009201
"HMBOX1" -0.610188305158952 -0.640000713491019 0.775638019231169 -0.836168261229298 0.839390806008277
"HNF1B" 0.115519505955887 -0.00703811252215103 0.459439731978849 -0.11309810550452 0.697305043165933
"HNF4A" 0.865152461375978 0.926346338502763 -0.99501136882245 0.885870341706398 -0.927594636302717
"HOXA9" 0.157150510200703 0.0671015591711054 0.124068785360548 0.250452104367825 0.164568462579411
"HOXB13" 0.925969347153185 0.876319576183669 -0.666449414018552 0.959834127546554 -0.51620389346519
"HSF1" 0.409194201692457 0.35577705059433 -0.0566133486509086 0.201765490170853 0.155748926052495
"IKZF1" 0.692369570116797 0.743441724377751 -0.894060846030233 0.867050012694695 -0.932376002394122
"IRF1" 0.74797879726973 0.815732675931899 -0.798304518186229 0.566129549924163 -0.636598283378756
"IRF2" 0.552238308457305 0.661162000772609 -0.911552130554715 0.618955820150092 -0.952470539231395
"IRF4" 0.891406661467001 0.94001646566004 -0.982548708701815 0.927027246722036 -0.910641852069446
"IRF9" 0.355810463471388 0.454526574302867 -0.60987401540834 0.262594417482725 -0.582144874221846
"JUN" 0.227087924139599 0.332544725472092 -0.56956993965612 0.221718693605724 -0.616233058153031
"JUNB" 0.61889527928697 0.514417210404984 -0.183136619331133 0.62154513666002 -0.0156897496711443
"JUND" 0.115716240797339 0.0727166584778007 -0.122233816583231 0.414581610356768 -0.243471531284278
"KDM5B" 0.317513641134549 0.399803684658874 -0.475372069300985 0.149583436971846 -0.398198856802071
"KLF1" -0.774908423506964 -0.679052966897971 0.354879849644494 -0.782697349485929 0.175977885200446
"KLF13" 0.0581388037734103 -0.0290550495564422 0.226459776173434 0.10847004052946 0.275795296709877
"KLF3" 0.232727603115206 0.28229691900603 -0.263733914326259 0.0276292897132882 -0.154037603973517
"KLF4" 0.752355553492656 0.658629937547988 -0.362826456943358 0.795948692154228 -0.209305048050202
"KLF5" -0.29242370864299 -0.225466696147613 0.0152344462194587 -0.277247084054518 -0.090904174243545
"KLF6" 0.494975141758742 0.605102577237798 -0.879365751740354 0.586881331148512 -0.944112099349768
"KLF9" 0.164087951761313 0.218380066670838 -0.224208841621846 -0.0326593530366949 -0.132756551708508
"KMT2A" 0.902356190798659 0.887947633974701 -0.639272069220435 0.708404574813274 -0.388629322182147
"LEF1" -0.867798350795401 -0.891748318504224 0.914002480315297 -0.971961992726576 0.866660535827262
"LYL1" -0.267231945235084 -0.17888756798516 0.00978772775854769 -0.413292672513225 -0.0140901852088415
"MAF" 0.497708359794744 0.607422718184465 -0.882694509385669 0.593736965054858 -0.949023820075868
"MAFB" 0.928651897330536 0.939852173464603 -0.900083888943499 0.992474582567808 -0.811455863200853
"MAFF" 0.665479313982942 0.76608962636274 -0.972461200899937 0.714110922382043 -0.979427636366561
"MAFG" 0.784655255192659 0.799195563890433 -0.839579473622517 0.945635063849439 -0.829862642872918
"MAFK" 0.920697543070786 0.936358127685312 -0.910948517884047 0.988418720736491 -0.82898578781171
"MAX" -0.361977486737368 -0.278122838952116 0.128744205292778 -0.541397332805284 0.114684653369056
"MAZ" -0.12057435932443 -0.0476905922850118 -0.0313702384344396 -0.327155422089414 0.0120754344278876
"MBD1" 0.900984679751712 0.82792648952564 -0.534496499931573 0.886908278136676 -0.343093931854562
"MBD2" 0.190310368410334 0.239365048193035 -0.226514850950587 -0.0108737752997924 -0.124920624573256
"MEF2A" 0.962014363603465 0.935829873324529 -0.776987893871504 0.988838454409441 -0.634801402830906
"MEF2B" 0.873443494517286 0.910723983209643 -0.953338400001871 0.955594588002698 -0.902370774527819
"MEF2C" -0.162128136125229 -0.0745250436795592 -0.262441722385583 0.00941076993739731 -0.453532298840283
"MEIS1" -0.08772913242673 -0.00318722614540092 -0.293700805863124 0.0418290756964058 -0.448326553130143
"MEIS2" -0.567260389416799 -0.493092703233902 0.0883273634604445 -0.297642132074719 -0.204076744132208
"MITF" -0.935120623415293 -0.936379501184112 0.870486695266181 -0.998322329325934 0.77325114807065
"MNT" -0.286979862388992 -0.380654100643021 0.522195183290966 -0.178284156256104 0.492125354955545
"MXI1" -0.440126210243615 -0.473043939271068 0.449045963569848 -0.339706624454575 0.35826507980131
"MYB" 0.0545591108076468 0.117168786169591 -0.157516984742919 -0.140007110225418 -0.0890335092182524
"MYBL2" -0.77821172994346 -0.859835892537131 0.998453349400966 -0.814165183410612 0.96732314276862
"MYC" -0.99271894137901 -0.984833020279642 0.796392004985305 -0.89317640425361 0.59075522611236
"MYCN" -0.535043897885551 -0.592141996259137 0.55269857135124 -0.31973504575455 0.397627397689209
"MYOD1" 0.533270682831236 0.43152980351826 -0.0195285365612683 0.365804763745446 0.225002713946419
"NANOG" -0.654518861903538 -0.757590069655584 0.960718026499304 -0.684475851336312 0.960768569607004
"NCOA1" -0.00716415371738224 -0.0417235772405546 0.00219384864195676 0.212858621224373 -0.0945665626177823
"NCOA2" -0.140871702111471 -0.0454827704601556 -0.301825509197196 0.0186329792905707 -0.479152905408052
"NCOA3" 0.151694172845769 0.0585512678276392 0.173140461786077 0.186670979465465 0.248905063877416
"NEUROD1" -0.990288925440196 -0.957497361828316 0.729874385999668 -0.931471418281155 0.52961434568669
"NFATC1" -0.603985676657072 -0.534840985634157 0.135371544247993 -0.328725093253287 -0.161253466950408
"NFE2" 0.991331008701645 0.973192577136095 -0.757015496163733 0.888173241232671 -0.541953349885953
"NFE2L1" 0.914675255789971 0.95537339792105 -0.97142827617274 0.943419704443219 -0.886404241871853
"NFE2L2" 0.645510040088067 0.750256209781126 -0.969063263367014 0.693741220022995 -0.981083014810987
"NFIC" -0.210844842486764 -0.114298816693757 -0.141160515092951 -0.230880208427417 -0.23635376687549
"NFKB1" -0.0901020247143197 -0.0483778603082589 0.105161605712348 -0.391018432381524 0.232113213553474
"NFKB2" 0.928781259196011 0.891894655034802 -0.724540434828111 0.98133303142345 -0.594013064369022
"NFYA" 0.981039282110117 0.962286742228342 -0.733601142670382 0.856681067182018 -0.507400919965678
"NFYB" -0.754996049727119 -0.8307382607431 0.986201640727229 -0.841768020585805 0.983237978544805
"NR1H2" 0.930402170396741 0.891714350202916 -0.717291017066083 0.978843763109544 -0.58284561999641
"NR1H3" -0.12906049547513 -0.0810273089811298 0.0786467485457388 -0.361946911932839 0.154087526777846
"NR2C2" -0.613793067478152 -0.537135463971666 0.373912000494206 -0.786833885179645 0.328516505574127
"NR2F1" 0.255975143034187 0.352620582636998 -0.519359680758547 0.172164956728506 -0.510384195546619
"NR2F6" 0.10129607697396 0.00880517169708487 0.330933665482678 -0.0655250200293916 0.51405833236965
"NR3C1" 0.612474508706174 0.536724867173632 -0.377094822737378 0.78754099438556 -0.333719916896784
"NR4A1" 0.346011868605766 0.365107300068261 -0.544935282476971 0.64453288697 -0.680555097587369
"NR5A2" 0.511107856544013 0.609144570110642 -0.73634719404369 0.402211448248636 -0.675746157225578
"NRF1" 0.224712666652197 0.335000138308805 -0.708862851348497 0.436960775568981 -0.878400183617578
"ONECUT1" -0.63134580060571 -0.736490941747962 0.928121729101274 -0.627492066503309 0.9142566008533
"OTX2" -0.58702814701923 -0.694002923883024 0.93332002779332 -0.649809303863442 0.965203757667226
"PAX5" -0.342420443276282 -0.222276860268494 -0.244395630270991 -0.122851651606498 -0.509122346316202
"PAX6" -0.79086355650425 -0.872123322003787 0.997998375877509 -0.808621990555652 0.954340301390225
"PAX8" -0.992369881622335 -0.999418996808534 0.870003153089892 -0.930201860734206 0.69686173493702
"PBX2" 0.886056453368277 0.941169198533243 -0.989653358701961 0.902381315496748 -0.912232327153665
"PBX3" -0.416103078892096 -0.327214829106918 0.144793709001122 -0.570552592962552 0.104915643469677
"PDX1" 0.0435219887627848 -0.0348502324844198 0.151917688010147 0.192639639782946 0.135370030171479
"PGR" -0.698472255725412 -0.79599759413662 0.982171791438243 -0.731858567236388 0.973090618186607
"PKNOX1" -0.825836643769633 -0.734043348623013 0.400267409866466 -0.808949540779214 0.203487212175893
"POU2F1" 0.986677104866882 0.950823357524775 -0.720321468206797 0.935605988174283 -0.522770588663497
"POU2F2" 0.427344791440754 0.41906386712956 -0.221735491882484 0.202740262179826 -0.0302127118052804
"POU4F2" -0.499130354133124 -0.599548785493236 0.886405228109628 -0.65666554263225 0.979807968199446
"POU5F1" -0.630088161758035 -0.661575897443946 0.794683732808304 -0.848177068704514 0.852438223966374
"PPARA" 0.00877364371429457 0.0986535342798164 -0.307483134623603 -0.0202405631177398 -0.361410597772743
"PPARG" 0.397490262935018 0.280543851141387 0.180202112533997 0.185037520728959 0.443829180419529
"PRDM1" 0.2282872415468 0.221490692770872 -0.0594571370944631 0.0197123132593802 0.0924705110673456
"PRDM14" 0.25803285840853 0.328146455327445 -0.36247969345517 0.0599193854656436 -0.26771470700772
"PROX1" 0.941609649269752 0.882526796110472 -0.614815498315081 0.918936344339746 -0.422931771783528
"RARA" 0.87985969203253 0.934160506229012 -0.989321794975413 0.910223180330623 -0.920249341279318
"RBPJ" -0.118317913849614 -0.0328988633161193 -0.125511453145214 -0.24088400423057 -0.140144186499604
"REL" 0.0227260546299161 0.0584635706850874 0.0295137618058337 -0.284175250763929 0.180179066870879
"RELA" -0.597278893533888 -0.491406502353286 0.138326349669595 -0.563684871666764 -0.0481133728839603
"RFX1" -0.907847612917491 -0.933069478546744 0.933965805005283 -0.976926362365298 0.861670672830786
"RFX2" 0.291201755340306 0.403068714212008 -0.704593627844945 0.383032949082137 -0.801499900188417
"RFX5" -0.148201975840437 -0.0599877838158524 -0.283529731500877 0.0348438672028103 -0.479492336259975
"RUNX1" 0.918929418086937 0.96189560747889 -0.974377722818792 0.932267211967833 -0.88157171004995
"RUNX2" 0.674652220488556 0.680488137092534 -0.488629213563269 0.446076669560486 -0.268147533317404
"RUNX3" -0.22080412158879 -0.0981664685552836 -0.365172817641794 0.00587596495709207 -0.616802002582433
"RXRA" 0.643808568845059 0.747391293325936 -0.959103545977456 0.684420566593827 -0.967191891965074
"SIX2" 0.769172985069003 0.74378025139812 -0.468248657571458 0.550434589967013 -0.216185347639731
"SIX5" 0.503294470786339 0.59962879700715 -0.717746716344757 0.384470010721982 -0.651370287306358
"SMAD1" 0.918453784361463 0.871585591126881 -0.677407327965134 0.966032795709007 -0.538160238525152
"SMAD3" 0.436330432293834 0.480199593742032 -0.415702668122012 0.216062353314465 -0.263126579435503
"SMAD4" -0.343539764179843 -0.3225438530483 0.378555009089543 -0.601639660225942 0.458728433210802
"SMAD5" 0.723797995370016 0.623374578437469 -0.289845574903341 0.725291270253275 -0.110640505142219
"SNAI2" -0.500775962405594 -0.594564987521095 0.698807943729254 -0.368399985547265 0.62313970932132
"SNAPC4" -0.831908002536202 -0.818204767798233 0.568606799590902 -0.619371901406718 0.318995288517747
"SOX11" 0.7856792829627 0.692347697189174 -0.291843269053441 0.650939698365561 -0.031594653590971
"SOX13" 0.0321445887961836 0.053447474719951 0.0224986402542273 -0.188252143270593 0.132624874240652
"SOX6" 0.552105982566524 0.623837031133387 -0.858337665007102 0.754887874342974 -0.948081605180595
"SP1" 0.260247817186711 0.252404006920512 -0.0823874304742427 0.0486120923116477 0.0767495622354478
"SP2" -0.884310670083752 -0.834071267137403 0.503991369992424 -0.702292293137467 0.236431001580844
"SP3" -0.220052169723702 -0.137493652286942 -0.161307056056678 -0.104447360865336 -0.325584997467892
"SP4" 0.86122437320506 0.776167249907874 -0.45492450915894 0.843543030067102 -0.258273821587761
"SPI1" 0.423261573556279 0.452637119180699 -0.351157177408145 0.199591960512167 -0.188154974598483
"SPIB" 0.929312014082303 0.901621016329575 -0.762666559382037 0.991128500940426 -0.644151239540177
"SREBF1" 0.898604433524849 0.931565287028983 -0.951305655864052 0.964727134297204 -0.884342357151252
"SREBF2" 0.868029993183089 0.929609561932838 -0.994567004839672 0.881128901764609 -0.922648702872461
"SRF" -0.899131533014742 -0.910857314867295 0.890634111524202 -0.989019857354775 0.821593903843939
"STAT1" 0.310470591366285 0.420528868933784 -0.743007330738804 0.450717515661661 -0.862869779161672
"STAT2" 0.110377594752089 0.061905500621973 -0.0591121531659144 0.340799456280403 -0.13540530030057
"STAT3" -0.415414116842651 -0.420641248517818 0.536107414533712 -0.676113186209999 0.627293013150033
"STAT4" 0.308320844066299 0.336737228460749 -0.546716558615593 0.611096923054047 -0.697060689869809
"STAT5A" -0.334586222769495 -0.247387414344331 -0.130676758591462 -0.12331069493211 -0.368203112504215
"STAT5B" 0.293344983555377 0.243468020329914 0.00279258672354102 0.140063340703593 0.163825411281277
"STAT6" 0.302429256732268 0.413468212982702 -0.681077356758233 0.340789286307453 -0.745462742200869
"TAL1" 0.645969837675396 0.751458796785443 -0.968261880326461 0.687512906778559 -0.976924758426471
"TBP" -0.76067484616152 -0.847063640397773 0.995880500022138 -0.790024304617832 0.966990676345046
"TBX21" 0.320201357767158 0.200945203962664 0.260288567555656 0.101863843092988 0.517991945999296
"TCF12" 0.256805355609682 0.330258186173397 -0.377112188967967 0.0656389502236066 -0.288970158426539
"TCF3" -0.888733741391812 -0.897023317554725 0.875045012166968 -0.988647078751178 0.81072157173196
"TCF4" 0.0667999707934018 -0.021530225374308 0.232684877110823 0.0997899399218289 0.294087897181086
"TCF7" -0.43838031585016 -0.561903970898207 0.880706104336234 -0.538032667718212 0.965837241609386
"TCF7L2" -0.934553863843818 -0.907528738411716 0.767078441115668 -0.991851067328104 0.645706678410855
"TEAD1" -0.00917154447249496 0.00782156136314546 0.0791290819257409 -0.23795820750135 0.19145180911533
"TEAD2" 0.49625300177626 0.590341846940556 -0.696714796686955 0.365391865380499 -0.622823994522377
"TEAD4" -0.426788832210016 -0.448795552315998 0.603830522486305 -0.68500646122098 0.704473768690911
"TFAP2A" 0.95559927777929 0.94967013296516 -0.851829227136685 0.998617193752105 -0.7347742452809
"TFAP2C" 0.184753592585881 0.142844499095699 -0.154763191904789 0.426627953982312 -0.232117248862551
"TFAP4" -0.292007161647544 -0.202329417873438 0.0243339022212032 -0.433257321876759 -0.00677557218663166
"TFDP1" -0.82908623050434 -0.865885659903508 0.932123892206249 -0.945953610481672 0.907099648351463
"TGIF2" 0.268185247796076 0.146090279737933 0.320090261284369 0.0434674287623414 0.576852051961437
"THAP1" -0.342692455824412 -0.340663654536803 0.446571780242557 -0.604333836632374 0.542792527058957
"THAP11" -0.738011851444764 -0.643452731978779 0.349272811356165 -0.785295259230211 0.199163926645637
"TRP53" 0.215387710672681 0.310992007633665 -0.482747614729791 0.136953731604829 -0.482113142818823
"TRP63" 0.23474837941081 0.319942103682843 -0.428671486916362 0.0957453358178206 -0.382646313325057
"TRP73" 0.383865864807454 0.475474646657537 -0.585305825780017 0.247866564738845 -0.523536318563627
"TWIST1" 0.450621264626994 0.354786469398017 -0.126563606427153 0.562351416989904 -0.0518094151953004
"USF1" 0.334567075463405 0.431137391929483 -0.578333721812056 0.232367159520686 -0.547039453877112
"USF2" 0.797073179091603 0.875908606080896 -0.999378973888245 0.822529655052106 -0.957460160901495
"VDR" -0.863155516595832 -0.830097607555925 0.523989016807211 -0.64319862874819 0.249343433812643
"WT1" -0.949509802647887 -0.950815273958653 0.874712048649708 -0.997476591195615 0.766700126337818
"XBP1" 0.056446380332416 -0.0401148212086636 0.390457569085106 -0.119814452546111 0.566432312021292
"YY1" -0.803142663634113 -0.866023136189118 0.983067849417717 -0.888857131831201 0.963104065480483
"ZBTB11" 0.194876792261342 0.104449467203412 0.0835226775847138 0.30286416520537 0.121053173338797
"ZBTB33" 0.40012772685334 0.303749684333009 -0.0761609713287054 0.505424719091426 -0.00418508642383758
"ZBTB7A" -0.634166050154156 -0.665100327163574 0.542955570569588 -0.408981286532624 0.348642241986995
"ZEB1" 0.0236275844246828 -0.059602125081717 0.223751864032564 0.107873121601872 0.245676754088512
"ZEB2" -0.781049759917029 -0.861123867747507 0.998632829203638 -0.822452766453467 0.969080194701579
"ZFP110" -0.34603569174686 -0.326466410558303 0.38603176187343 -0.60455780279684 0.467150891977353
"ZFP143" 0.709712716280013 0.77470845829948 -0.741159927897931 0.504287382027898 -0.569743415526512
"ZFP217" 0.930621519128256 0.940893592512027 -0.897852859661924 0.993197319438943 -0.807542628568768
"ZFP24" 0.231393017190529 0.324564416081399 -0.477442892937123 0.133807072010419 -0.461645655555737
"ZFP263" -0.190904958609936 -0.237196398567116 0.216820929722136 0.011150217332937 0.112655859847373
"ZFP369" -0.34603569174686 -0.326466410558303 0.38603176187343 -0.60455780279684 0.467150891977353
"ZFP384" 0.823212381000528 0.839215741082268 -0.866500662941203 0.962418621784412 -0.839824275229879
"ZFP592" 0.0424252011801335 0.0899324106873454 -0.0864603797981922 -0.164636108078043 -0.00160434673547361
"ZFP639" -0.0763411111284703 0.00150782948629574 -0.111162365215331 -0.242578672688268 -0.0888478961385002
"ZFP740" -0.670762557624228 -0.772252904685073 0.968228020657456 -0.698369436279387 0.963236656095547
"ZFX" -0.527059914011738 -0.632875471726367 0.81110270857068 -0.476283485076921 0.787073488366997
"ZKSCAN1" 0.49032543309342 0.598463160576649 -0.798054713427006 0.459460591543588 -0.792663343417489
