"LPC 16:0;0" "LPC 18:1;0" "LPE 16:0;0" "LPE 18:1;0" "LPI 16:0;0" "LPI 18:1;0"
"AR" 0.957770726638133 -0.740465898193044 0.902573471236754 -0.0954140351392782 0.975920779074286 -0.302913080192278
"ARID2" -0.209163245576255 0.463412910558602 -0.303416654384184 0.672583437241002 -0.175176361972298 0.827541468361584
"ARNTL" 0.159596022336644 -0.0977892754548326 0.142580243506096 0.149167028796251 0.067285889041251 0.265589331508455
"ASCL1" 0.212868822533555 -0.336273635862618 0.260203101091613 -0.342203661672021 0.268988793489893 -0.58910818548397
"ATF1" -0.738851172170573 0.694757327132544 -0.741374929807097 0.434357208619699 -0.608145298829156 0.395160776389138
"ATF2" 0.489205979491537 -0.158217662120451 0.383342805511402 0.497851828058355 0.538752278997411 0.43269974071906
"ATF3" -0.981079346181103 0.826251417764462 -0.948312949385878 0.143376138690774 -0.999624761904867 0.419831488365606
"ATF4" 0.682712146529803 -0.78526216222194 0.733466429395172 -0.19297523490488 0.713609764609459 -0.626619770532382
"ATF6" 0.920340987579659 -0.662068523350227 0.849752324778586 -0.0153259343252018 0.953936521917705 -0.206248704226084
"ATF7" 0.977297975425775 -0.791832222398647 0.933916780374546 -0.169328982777926 0.977989333493725 -0.373100998077374
"BACH1" 0.296300719538181 -0.0799999793542561 0.224754911270032 0.703057833799449 0.480076801978873 0.319259056834743
"BACH2" 0.891121445978955 -0.91703501600383 0.921423047757888 -0.60055148537172 0.773728090364012 -0.691096951041614
"BATF" 0.90278321014647 -0.631414614076287 0.82703401344107 0.0374354895175947 0.950853386908245 -0.168614167195909
"BCL11A" 0.965431834241878 -0.923240345565129 0.972074086238828 -0.267012004226202 0.964235754855649 -0.597080591453331
"BCL6" -0.789992596688724 0.457703293231307 -0.690100262353009 -0.252939090977591 -0.859989428559337 -0.0759277360339424
"BHLHE22" 0.821834281807862 -0.94597622386952 0.885286486191638 -0.695483920870595 0.685745582921799 -0.807798517501088
"BHLHE40" -0.470638105875097 0.150086505318626 -0.366476978432626 -0.569858429363084 -0.647150777260115 -0.266655627388699
"CDX2" 0.69058578762086 -0.34706888647623 0.584672256558949 0.356252240676901 0.750390785468796 0.229522689812693
"CEBPA" -0.345113009489667 0.0277234031305205 -0.240563623892714 -0.65398017061386 -0.415876440900955 -0.565391007607038
"CEBPB" 0.48065849235771 -0.713113536615508 0.575182062370687 -0.933110890890481 0.291586379876222 -0.859410035036642
"CEBPD" 0.323118728613095 -0.601492474664693 0.429307657238958 -0.911375915309343 0.211764777801775 -0.954453915845238
"CEBPG" 0.473475091809488 -0.137918809766607 0.364924903147097 0.666613102018921 0.58335960514488 0.469008575112722
"CLOCK" 0.459324524940452 -0.721915935773382 0.562495611213081 -0.755302606009063 0.389358484863409 -0.952800371076488
"CREB1" -0.510805259954623 0.77848761790595 -0.617648219104715 0.914261266609047 -0.379856378478042 0.997656788593461
"CREB3" -0.886060924069534 0.715819617716724 -0.845088215809876 -0.0468956384294912 -0.961215780740174 0.312369712684787
"CREB3L1" 0.329008176608866 -0.0146904703154803 0.223812206491916 0.441417863425166 0.511931038406571 0.217124908369156
"CREM" -0.220695995206049 0.394402883611729 -0.287467309335853 0.849770389440361 -0.144191126180339 0.804315030878165
"CTCF" -0.547788633574478 0.2037422456485 -0.438148201980165 -0.569680702330712 -0.638080404514456 -0.404643349584219
"CTCFL" -0.213651203663288 0.550240011828532 -0.33868714237837 0.587790989934573 -0.0322449621631203 0.604721805070493
"CUX1" 0.596581311043424 -0.850128926631155 0.699939865199853 -0.782954955770171 0.500882386957452 -0.982780613108328
"DUXBL1" -0.523784388532046 0.784564143770572 -0.628699381645136 0.938407767127717 -0.375969891522809 0.985315899832686
"DUXBL2" -0.523784388532046 0.784564143770572 -0.628699381645136 0.938407767127717 -0.375969891522809 0.985315899832686
"DUXBL3" -0.523784388532046 0.784564143770572 -0.628699381645136 0.938407767127717 -0.375969891522809 0.985315899832686
"E2F1" -0.965654390927556 0.975774262389635 -0.991506251009551 0.489055959127689 -0.894488757064962 0.702931703367339
"E2F2" -0.990916006302143 0.906977369260549 -0.984054532198974 0.372997575806383 -0.942416724119429 0.561448675299049
"E2F3" -0.986845005986965 0.890606666601824 -0.975588271811925 0.365720652037819 -0.937515688823681 0.539015057637449
"E2F4" -0.98999469303182 0.947448903105202 -0.997662370052248 0.406669816535206 -0.939192881849825 0.628415382445699
"E2F5" -0.956901058898364 0.910641308150285 -0.962902499365153 0.475515849255228 -0.875632605756878 0.608826726867245
"E2F6" -0.746399757501205 0.541410100991328 -0.689583063672039 -0.186525089356719 -0.866971866885099 0.181926319241777
"E2F7" -0.959189555210766 0.898030154798871 -0.958877929963787 0.217114744344022 -0.971200915178517 0.558131375082246
"EBF1" -0.405686875950969 0.112895999284264 -0.311983589768242 -0.362561091363315 -0.404912940822694 -0.412868482425748
"EGR1" 0.879198921838562 -0.607407476876579 0.802484647961003 0.109112477776794 0.951332210174902 -0.144415965726398
"EHF" -0.74622660206899 0.405779081908411 -0.64252441655105 -0.312769736287753 -0.814278995895772 -0.153585165229595
"ELF1" 0.964139836225212 -0.897705818014805 0.963127506372792 -0.442931349483647 0.89081971943478 -0.578801591434566
"ELF3" 0.856948006146819 -0.557109325613044 0.769944201413235 0.125050336220938 0.925473349801107 -0.0848473129085197
"ELF5" -0.485241336761614 0.548325799155345 -0.520378324717004 0.678911719512902 -0.30185558017877 0.491581471031949
"ELK1" 0.173827710632463 -0.0505854319194488 0.133164468812982 -0.135349697571454 0.279313791871785 -0.225894836415773
"ELK4" -0.972271562493047 0.905351118027424 -0.971207071081105 0.431477554457185 -0.904039951325655 0.582078159701565
"EOMES" 0.0230515301977061 -0.249193175771392 0.104856141608289 -0.9416426101569 -0.13756945636374 -0.696803048192724
"EPAS1" -0.185086254573538 -0.0700949779174561 -0.0996707716510146 -0.483588361429107 -0.185124752948366 -0.562597821964964
"ESR1" 0.0898482742919441 -0.316850062894473 0.171426592377303 -0.524297396676491 0.0942263038078205 -0.696192746922508
"ESR2" 0.99036557311853 -0.843283467344548 0.960978817444671 -0.251333756122592 0.971482825766078 -0.450057598432659
"ESRRA" 0.754229043264085 -0.676903193752206 0.74275475536245 -0.00357447578808771 0.843512932724607 -0.417023866248116
"ETS1" -0.397590856168277 0.747310098394287 -0.531070683350524 0.785850079142054 -0.236323415020036 0.887833400118141
"ETS2" -0.966427508089391 0.982062115029367 -0.994005017273758 0.443426931485865 -0.913824185120513 0.706768543059951
"ETV1" -0.977288357717748 0.962021176253658 -0.994010074402978 0.369900037271465 -0.945677959801992 0.657956588838672
"ETV4" -0.760587614165417 0.453016683380739 -0.668173498826102 -0.321378060102345 -0.874966355779644 -0.0376848403489654
"FLI1" 0.737908086166514 -0.39755503013405 0.634151367807517 0.30207397978601 0.798003096227807 0.162864780984007
"FOS" 0.960488325422915 -0.899234464546509 0.961250787806184 -0.453748162604043 0.88400661223797 -0.5856150797371
"FOSL1" 0.976059821706543 -0.789690496694222 0.932161901312016 -0.130603340459104 0.990885892098901 -0.366516365838684
"FOSL2" 0.390106084371436 -0.0929684931228993 0.294417061988988 0.411347068398373 0.398766458926861 0.445511335690401
"FOXA1" 0.275058917900402 0.00944899649997655 0.181122279569945 0.515671373362893 0.293954064871404 0.545632107379721
"FOXJ2" 0.41700161190221 -0.130321689832577 0.325814997299718 0.312086832406177 0.406244170562223 0.379898998962919
"FOXK2" 0.983169146740107 -0.813480513401495 0.945578580326559 -0.209167811200902 0.973575180290505 -0.405754139701971
"FOXL2" -0.330930548763215 0.00967541474598721 -0.223289408645494 -0.733312374999305 -0.518287475100797 -0.436478915535723
"FOXM1" -0.973923393385424 0.974774183635449 -0.996576726216094 0.456787185466371 -0.913447648009057 0.690414258054759
"FOXO1" 0.468649470989252 -0.160459121514103 0.368878388156551 0.656587693316573 0.637154691021489 0.332964231499614
"FOXO3" 0.737143837502929 -0.395592341686344 0.632852303551405 0.32467964027919 0.805232464373164 0.167912769095626
"FOXO4" 0.524153980320963 -0.193813710478498 0.418309731061037 0.650935796868818 0.654459805359015 0.393105891537143
"FOXP2" -0.994727959928735 0.858469118916744 -0.969038604288471 0.216870987566432 -0.99196792947411 0.465684132142414
"GABPA" 0.194797667964776 -0.0183328410742729 0.137866057561507 0.279962019775253 0.141265504933495 0.408893516239782
"GATA2" 0.102982284633958 -0.368271299743167 0.199213637427348 -0.805315275037786 0.0310872106908359 -0.826110957953361
"GATA3" 0.780164178655616 -0.916233761601241 0.847034467443158 -0.725625001772202 0.631065862239416 -0.802310017218007
"GATA6" -0.452815589069217 0.702172335507165 -0.552439815893637 0.978538240207705 -0.281043315751636 0.929214839691767
"GFI1B" 0.389376220144833 -0.515559552894988 0.444707174229549 -0.756713574808252 0.190780534495899 -0.550103228267129
"GLI2" -0.903700271675349 0.916212851094457 -0.929512348235067 0.580595678895148 -0.79183483930477 0.676429063915861
"GRHL2" 0.307657265857718 -0.5537013993546 0.401093188799493 -0.61655056601503 0.283931372751558 -0.839098058911233
"HBP1" -0.994350252536566 0.879184408992903 -0.976422956442439 0.312120041651164 -0.961183366617933 0.508706421555339
"HIF1A" 0.344799984949582 -0.499029079593675 0.406070528648298 -0.370146101984517 0.385002215316222 -0.677900436112564
"HINFP" -0.977877084442571 0.962890232173335 -0.995102944811804 0.456323418780611 -0.914039353449663 0.668554009500528
"HMBOX1" -0.811672705337171 0.800652727042321 -0.827438533655366 0.58032152977908 -0.679110931327022 0.572302451154861
"HNF1B" -0.10368804206471 0.41465190619746 -0.217676645848133 0.794677010409864 0.10917097496517 0.62783068426025
"HNF4A" 0.906452585973862 -0.999064234343463 0.959941761361988 -0.529052471490689 0.834349120974215 -0.795777230804559
"HOXA9" 0.21397784388235 0.0689313051865091 0.118992527706506 0.620435683567859 0.253696676011047 0.615351282320025
"HOXB13" 0.951332219197277 -0.725934568794161 0.893093376802867 -0.0749855089697261 0.974367235824369 -0.283921679995143
"HSF1" 0.227766520864543 -0.0810427177124233 0.179668696752433 0.0315165878905404 0.36558403932902 -0.154171669032509
"IKZF1" 0.857337821351356 -0.908181859895497 0.895787875925773 -0.640417045506389 0.727457559024138 -0.711899246617082
"IRF1" 0.621348006037162 -0.779816200309332 0.690577637425635 -0.280876972727496 0.634186347084848 -0.695800026832548
"IRF2" 0.640384460660055 -0.885226852338186 0.742124968359056 -0.852335074531337 0.506637991420573 -0.98049142608752
"IRF4" 0.94224164939685 -0.994602298705425 0.982347137447957 -0.500328581156537 0.874826284924554 -0.753949486424407
"IRF9" 0.306483861272466 -0.56923957724303 0.406098297451793 -0.726853127327481 0.254713243598818 -0.892286828871046
"JUN" 0.251116715687695 -0.527689475249252 0.354887937925307 -0.876406488637898 0.155163147640834 -0.919285096990066
"JUNB" 0.601557280289821 -0.254996728836755 0.492237504801435 0.521521088948715 0.691094530442163 0.347645110291329
"JUND" 0.354627625000523 -0.169124990169036 0.2985706580928 -0.0863263332721371 0.260261512395924 0.13897946721622
"KDM5B" 0.201624865582716 -0.435484139693602 0.288182718266632 -0.547618367896631 0.198395706163625 -0.759844037130152
"KLF1" -0.765585807776611 0.428713172039452 -0.663444799790948 -0.307962055760816 -0.843705522361494 -0.119845818148817
"KLF13" 0.0789427631725849 0.179479953397773 -0.0106599357889983 0.729987870212411 0.135930346107429 0.70342105975416
"KLF3" 0.0769611749892754 -0.233406632018401 0.133018903721479 -0.386099652106462 0.120874748435755 -0.575402075333709
"KLF4" 0.773085551007006 -0.437526479502144 0.671787299933773 0.255729763996009 0.833524714901956 0.105805798514547
"KLF5" -0.26621508320176 0.0562460298519886 -0.19766156059563 -0.697163829519 -0.331924481649151 -0.52372412563928
"KLF6" 0.603764468500803 -0.852289497034294 0.706128364307123 -0.89472940628407 0.458178485892994 -0.979421521599019
"KLF9" 0.0157266973469567 -0.189796043216803 0.0766993320023617 -0.407484121652368 0.0521521165623472 -0.570072620944282
"KMT2A" 0.74687979538434 -0.664192040411478 0.733325784397907 0.00128490744343209 0.839078198395257 -0.409012575786516
"LEF1" -0.969240126347133 0.941968352611236 -0.982101849677223 0.475566375629514 -0.894127241157667 0.646156031876208
"LYL1" -0.36946277275268 0.0720695613696452 -0.273162759570927 -0.444473797400707 -0.383301128160566 -0.471421002631613
"MAF" 0.60984947875905 -0.856221384633437 0.711611058559033 -0.892584593752752 0.462788002447081 -0.975691207643835
"MAFB" 0.994031107238341 -0.93323525108807 0.995327326500188 -0.382810209900933 0.948031349791403 -0.60024567338206
"MAFF" 0.73769833926014 -0.95279867863567 0.830985013767057 -0.733521356433632 0.618697920237585 -0.927934060998307
"MAFG" 0.930126974331759 -0.873233141493149 0.931923076646252 -0.486485520989114 0.839041435135535 -0.576165008335534
"MAFK" 0.990341045588077 -0.942002146843951 0.995995633756176 -0.405420164693235 0.938589296354919 -0.619577281305384
"MAX" -0.494021500129681 0.194845994188469 -0.400100923450493 -0.280337735445604 -0.488172658641548 -0.325953787250735
"MAZ" -0.275427743356923 0.0228549009386522 -0.193250435507024 -0.326719373967565 -0.249386807204752 -0.444436349802058
"MBD1" 0.880441539803954 -0.600510880168658 0.800974596478066 0.0977321404137643 0.946406547526885 -0.133979950494459
"MBD2" 0.0372327188480991 -0.195187395380129 0.0929494189747154 -0.38798871076618 0.0802154215114815 -0.558613139501823
"MEF2A" 0.98771626747403 -0.826190699075981 0.952919918096688 -0.178665805856861 0.992113559641119 -0.417852192874584
"MEF2B" 0.959954957162855 -0.973573592787026 0.986985903688029 -0.506805823840398 0.882376364551759 -0.70659955070259
"MEF2C" 0.000493234681449836 -0.22815581257724 0.0822637586197229 -0.93402289981772 -0.154634257526696 -0.691759056954914
"MEIS1" 0.0400091054048059 -0.260401627313562 0.119851981723537 -0.928938218580997 -0.0942530305621807 -0.733766450247529
"MEIS2" -0.330628404468102 0.123594630518148 -0.263102758450091 -0.643701460789998 -0.513818521930641 -0.249406220986864
"MITF" -0.997584833836089 0.908511314948461 -0.988925861079018 0.339992450009845 -0.960909748236959 0.554168696803542
"MNT" -0.222829350974705 0.48028181595535 -0.318579693956268 0.693131820565069 -0.183100135719523 0.843057132863899
"MXI1" -0.369362529323642 0.441936950293943 -0.402887965629572 0.576390335768438 -0.380352977869963 0.704128398818793
"MYB" -0.0910541190932675 -0.115380103654253 -0.0210033614697098 -0.405855029972287 -0.0623404797507746 -0.542390321155099
"MYBL2" -0.836345846289651 0.990871320802816 -0.910301624660124 0.6155938219891 -0.739462145029343 0.855056035397712
"MYC" -0.918252848534704 0.828597477703338 -0.906651120279992 0.101351457299773 -0.961809263923233 0.474345114705881
"MYCN" -0.375770630053751 0.529007602973676 -0.437393328595183 0.365706116819415 -0.414925172462775 0.685919974915511
"MYOD1" 0.374348471156881 -0.0742278765534021 0.275378615149944 0.285363982237175 0.537655521369403 0.096377066708051
"NANOG" -0.711715069714511 0.938096880779959 -0.808308057801638 0.748109980262665 -0.598847607212808 0.949987929416809
"NCOA1" 0.16705018653935 -0.0303501182080951 0.123605949734353 0.249490284116458 0.100970749636611 0.376035804592078
"NCOA2" 0.0138978472856529 -0.263736705540053 0.103769591641582 -0.235059584846638 -0.143178086049302 -0.192092379673823
"NCOA3" 0.15922483413131 0.12112029978401 0.0635728135867978 0.735119864541829 0.22773699529397 0.674925261398957
"NEUROD1" -0.943467349972549 0.776787120040981 -0.90534572133747 0.0446407942578419 -0.991744296161735 0.365785102036945
"NFATC1" -0.364288154030484 0.169178218138672 -0.301721831225302 -0.573861721467028 -0.545095484406442 -0.172081843877315
"NFE2" 0.911303392657641 -0.793731507055432 0.889619588767969 -0.0511174893335943 0.965862311950897 -0.421111066032549
"NFE2L1" 0.958072949578044 -0.987537520924131 0.990374145524377 -0.462736726042033 0.900770252815481 -0.724788773616254
"NFE2L2" 0.718216423944457 -0.946698016440237 0.815807140704265 -0.697788956517676 0.595766885680713 -0.900962486875819
"NFIC" -0.2057226914477 -0.0865152359924284 -0.106817370690531 -0.742106800597087 -0.283519060387664 -0.656089797197426
"NFKB1" -0.330770655817955 0.150677751987404 -0.276104849732276 0.0813388940189292 -0.234529360097987 -0.150932750116321
"NFKB2" 0.972868965372508 -0.77951461700029 0.926593519285411 -0.156457118627157 0.975894504877936 -0.356594513847498
"NFYA" 0.883133929496197 -0.768642463482926 0.861782884388238 -0.0177857053059625 0.947757691988951 -0.40364762797842
"NFYB" -0.85366726108558 0.98436537567621 -0.919855672335283 0.650262179944179 -0.739770227466559 0.833613577775501
"NR1H2" 0.970643922050241 -0.772864345267367 0.922724424636885 -0.143565920499767 0.977131810140337 -0.346863051759816
"NR1H3" -0.312026384944438 0.123441302295359 -0.253530273119218 -0.194224216936053 -0.251480866475529 -0.315705826901247
"NR2C2" -0.744912474387925 0.445264705320652 -0.656465316237559 0.0551470525486646 -0.733307335587294 0.0322091896952978
"NR2F1" 0.212924479830954 -0.476790740599416 0.310869970039535 -0.743407126727561 0.159663710412246 -0.860368078130123
"NR2F6" -0.0592427307437379 0.296193519302798 -0.145610685137468 0.95708718269297 0.09874637388851 0.741617580064136
"NR3C1" 0.745489034358206 -0.448123874464048 0.657876434560176 -0.0614497458026062 0.732163105106003 -0.0368157900262246
"NR4A1" 0.602407348068795 -0.570876481535799 0.606580164967451 -0.569372300955886 0.449521854623065 -0.410127785077853
"NR5A2" 0.450179506421515 -0.700481510516243 0.548537030809528 -0.665467620907698 0.404763467973741 -0.90922155980156
"NRF1" 0.430774812160639 -0.680954075958 0.530506516479196 -0.735713865769101 0.233715631846028 -0.693573229637401
"ONECUT1" -0.660718034750772 0.90114582332319 -0.760944498887155 0.75412510663952 -0.561160913213668 0.969410030297701
"OTX2" -0.671777602574869 0.908878073670936 -0.771459210123668 0.822202576218379 -0.541287620687521 0.969205753209438
"PAX5" -0.133667574419446 -0.191847065978774 -0.0199406649148777 -0.80316801660632 -0.338491070611445 -0.554832397706578
"PAX6" -0.833915818156588 0.989680665281428 -0.908151089494508 0.593478609439962 -0.745350367895847 0.852871972911461
"PAX8" -0.952665746183638 0.897962210064231 -0.954458718638983 0.216089601209346 -0.965945562423064 0.563689910426622
"PBX2" 0.922412617514598 -0.996999848821452 0.96984308353598 -0.502142470529377 0.857661570247717 -0.775413624781093
"PBX3" -0.526703270472255 0.213354282831994 -0.428349621687662 -0.320911345235786 -0.53612765622504 -0.331090148979465
"PDX1" 0.14846376686697 0.102210152346533 0.0637545944315041 0.519824545249832 0.153594736077886 0.593071360173237
"PGR" -0.757595583843015 0.964014088315904 -0.848164356980161 0.687195108864493 -0.647931225512362 0.908504728362171
"PKNOX1" -0.797537661791413 0.472178802885096 -0.700061795859325 -0.262484081828758 -0.882499156157348 -0.0463464922303383
"POU2F1" 0.945496875349803 -0.769128073775832 0.904028765859228 -0.0403775183871306 0.993163354906101 -0.351707214795139
"POU2F2" 0.243023190047124 -0.224259677902513 0.240567609206745 -0.154265248577719 0.347011862247203 -0.385413925212828
"POU4F2" -0.660098253850393 0.868981662857703 -0.750052893974901 0.84416571541286 -0.494203118573102 0.888475625773824
"POU5F1" -0.825634707746104 0.819037380001666 -0.843239897373836 0.594555777099637 -0.694887633519827 0.59748101968528
"PPARA" 0.00704097994525199 -0.26326125827705 0.0979314538279882 -0.787862358982233 -0.0624102105576148 -0.76288569666262
"PPARG" 0.196011245352493 0.12663143246563 0.0847552458971411 0.569419456895282 0.394307933640364 0.357827461390045
"PRDM1" 0.0556068297782996 -0.0552742068816943 0.0555412627083474 -0.18052906740668 0.15269692995981 -0.327561293812364
"PRDM14" 0.113426986370217 -0.323910503338907 0.18952135290925 -0.4493524634016 0.135229565190609 -0.662023481897073
"PROX1" 0.917805796899051 -0.675069389885561 0.852330076961122 0.0366201816311073 0.974475111409473 -0.222641693717475
"RARA" 0.927618082787752 -0.997880237636524 0.973713123003398 -0.51535473011853 0.8574212077439 -0.773653587468241
"RBPJ" -0.200215209028169 -0.0717661875042875 -0.108964465244541 -0.565809114383444 -0.223000519766168 -0.597348536480577
"REL" -0.223239882597118 0.0685704271679711 -0.175194620770649 0.0587383117619175 -0.119756423482246 -0.201675757020818
"RELA" -0.549250633760885 0.207340099971496 -0.440187237386171 -0.602023718727026 -0.656341843807952 -0.397237016002366
"RFX1" -0.980858335216606 0.96014946716162 -0.996108437688768 0.445818079608545 -0.919853302301441 0.660502453615071
"RFX2" 0.398262623536411 -0.669310352233953 0.503965773879504 -0.970976910140676 0.252738418094197 -0.967389545844478
"RFX5" 0.0242776082824075 -0.250323982784506 0.106079545331079 -0.942005051505537 -0.136633376388227 -0.697038904721588
"RUNX1" 0.950129054045966 -0.98841566927753 0.98529117567506 -0.453610966812534 0.897562644059028 -0.732145892077786
"RUNX2" 0.493077009580621 -0.493160344196501 0.502943637286018 -0.162033264372802 0.583940937616253 -0.504875886898387
"RUNX3" -0.00427072901605481 -0.31638798847139 0.110702914853794 -0.74002077643334 -0.21550461397887 -0.550437522299319
"RXRA" 0.709876668194428 -0.936653114488072 0.806629663632833 -0.7620410124963 0.591891395346178 -0.951325635955342
"SIX2" 0.589001498382982 -0.491660685581649 0.566532824303427 -0.0144094620264668 0.703328436570475 -0.369757179481229
"SIX5" 0.433612383690925 -0.681655156067697 0.530736073366484 -0.646775713620761 0.394228553970412 -0.895313337553923
"SMAD1" 0.955826906388278 -0.736338633778939 0.899865539420852 -0.103227776447753 0.970281302550686 -0.2991619078625
"SMAD3" 0.268638677523609 -0.394298656763357 0.318024777590561 -0.34212622050605 0.322891634333855 -0.61403943544197
"SMAD4" -0.556373404975636 0.420268329471225 -0.522171085242894 0.10545739820016 -0.458168403296803 0.0166048875319204
"SMAD5" 0.707584150291925 -0.363507862346697 0.60153849158994 0.401178487724099 0.793089415959739 0.212207876474169
"SNAI2" -0.419174167352324 0.662807608699132 -0.514328462467697 0.616846254129795 -0.388162178766457 0.875529094508757
"SNAPC4" -0.660435976144977 0.589247448331741 -0.64889778619912 0.0379778436660052 -0.760807459021044 0.425565219565385
"SOX11" 0.658639320276343 -0.35417892868871 0.564752775417597 0.471479183577678 0.797698438899894 0.152135077835847
"SOX13" -0.145411067077706 0.0479177566977402 -0.115388607405308 -0.212746109544506 -0.067229347400508 -0.335492485232098
"SOX6" 0.744108755603152 -0.859750181795578 0.803146911111998 -0.724902073677386 0.583945905737994 -0.743551587421429
"SP1" 0.085092867023034 -0.0796260922774545 0.0838554574198324 -0.173877091574001 0.18424752837937 -0.333959033255699
"SP2" -0.729679978219249 0.546041040032537 -0.679991417916263 -0.145978437358711 -0.849518056698594 0.227243575365152
"SP3" -0.10576442506261 -0.123102034869883 -0.0262949028045114 -0.873686347340114 -0.230958055994189 -0.649895183110172
"SP4" 0.834300158028538 -0.524883309371397 0.74330738556258 0.170409541615594 0.913166949226408 -0.0472810049240681
"SPI1" 0.24901385311164 -0.335855514935997 0.284164643742165 -0.294696407866324 0.318149493895565 -0.551625332284983
"SPIB" 0.983385539723319 -0.814021343169934 0.945912611226543 -0.20923537035587 0.973872403506455 -0.406403152567027
"SREBF1" 0.97098255718834 -0.973285096245871 0.994155794767558 -0.473498540167288 0.90428049077352 -0.692616917223015
"SREBF2" 0.903123332358309 -0.997970438636775 0.957286181312238 -0.521509656710564 0.83402956643369 -0.796188077222643
"SRF" -0.986000117225843 0.924424947470297 -0.986988825630632 0.411443587722729 -0.928171335915054 0.597029532978797
"STAT1" 0.457519116407301 -0.71290863185602 0.559288184335599 -0.976934083866826 0.291982791038091 -0.947539760413128
"STAT2" 0.290994052741607 -0.10325180719436 0.232306725802665 0.21169395275088 0.232094077230778 0.334814093709284
"STAT3" -0.637651132835497 0.568260070076681 -0.628971248504541 0.284621998196692 -0.513715354946288 0.219148573091409
"STAT4" 0.570176316501574 -0.567218700412615 0.583781214600494 -0.605842823783935 0.407167556561635 -0.437173134400762
"STAT5A" -0.140815565723065 -0.0933168978638128 -0.0597178932105274 -0.872875209326154 -0.311859038939101 -0.560510111638527
"STAT5B" 0.156603922190803 -0.0198360053263948 0.110740751464455 -0.0997151030774479 0.268040934051073 -0.186264317663347
"STAT6" 0.364960951701482 -0.642577457680227 0.471931684525762 -0.929342867300954 0.243866359236404 -0.969759720740677
"TAL1" 0.713306740484793 -0.945061186210494 0.811908782007266 -0.692390755108806 0.593145604041042 -0.902179621049278
"TBP" -0.814321569146036 0.984921862543249 -0.893443577437201 0.623163588118116 -0.716150511267499 0.866259003372032
"TBX21" 0.112463165242735 0.208870711095514 -0.00025329274686816 0.616378196172673 0.316103909108274 0.421116014539997
"TCF12" 0.118788632104519 -0.337446149504829 0.197944382896582 -0.472916838771791 0.134457231726161 -0.680836134601229
"TCF3" -0.982974804195502 0.910831220985854 -0.980203671924086 0.406705112098253 -0.92391935249552 0.578234337709816
"TCF4" 0.0729990983143536 0.18615738084596 -0.0170986937142925 0.758083368140128 0.138663917048703 0.713308526967282
"TCF7" -0.556347150217226 0.845847321869393 -0.672219437365944 0.79230525335349 -0.395506491965572 0.899708354587458
"TCF7L2" -0.985090549430111 0.817970049628078 -0.948426068930843 0.207634730483502 -0.976934426272718 0.410793959023734
"TEAD1" -0.19519411977006 0.1046433255803 -0.168809784117052 -0.160450269511945 -0.109010449862471 -0.279119846303838
"TEAD2" 0.415937976019656 -0.660523015913992 0.511365389828607 -0.621759669594218 0.384014362896273 -0.877239975335038
"TEAD4" -0.651242016602611 0.628300463693511 -0.659334180636431 0.370344219124348 -0.512958707934795 0.317047017487492
"TFAP2A" 0.999717071336406 -0.892468493600992 0.984541710456652 -0.287344654508002 0.978427958095842 -0.521610400297989
"TFAP2C" 0.377281349148346 -0.199363438588839 0.324098350466395 0.121387751965474 0.306692999392818 0.236077240979867
"TFAP4" -0.390164315314547 0.087780551078637 -0.292534487238894 -0.444512772348856 -0.407163823825675 -0.462045166167051
"TFDP1" -0.94387418722 0.953584838206788 -0.969355514734389 0.53839111569881 -0.851661885325655 0.693629856855636
"TGIF2" 0.0539049818722842 0.269697576436458 -0.0609784387366115 0.710709118631586 0.263393268397675 0.511730383548771
"THAP1" -0.563164567447211 0.479580723463885 -0.547769293926579 0.187659609777843 -0.446030422292433 0.107614054266489
"THAP11" -0.761454440102982 0.424123082935614 -0.659285554534733 -0.27002110006112 -0.821130821161091 -0.125212158618325
"TRP53" 0.176129172008777 -0.439602677119836 0.273133705509647 -0.749242658426683 0.121755247059699 -0.84548323320073
"TRP63" 0.142768881430184 -0.386588192659096 0.231695545548547 -0.615029757931085 0.124685686349314 -0.769207778743672
"TRP73" 0.297508640784064 -0.545826132593042 0.39155035955232 -0.629981369907326 0.271032387405366 -0.842368757208564
"TWIST1" 0.524350334057882 -0.196442050245429 0.420531251884899 0.419938169141152 0.558842109955541 0.380106689855065
"USF1" 0.277023229534373 -0.537266771889522 0.375027764917174 -0.708722204997639 0.231377961505108 -0.872742817947524
"USF2" 0.845985888888932 -0.993006652634433 0.9174366994234 -0.594598521927751 0.756169466372783 -0.847429425459913
"VDR" -0.681037773740678 0.554326747975484 -0.650225275191149 -0.202488806668018 -0.802175216460916 0.227630189122536
"WT1" -0.999472082405996 0.91209240115721 -0.991368651033119 0.324042954314789 -0.969409835448285 0.556207981196542
"XBP1" -0.113408810080387 0.356132222312663 -0.20310510854363 0.308111041047402 0.0528576326530411 0.269381643848287
"YY1" -0.898240842800612 0.988958228113392 -0.951247967629865 0.605225982075247 -0.796204186961018 0.79610538333536
"ZBTB11" 0.264203839447568 0.0257379350194812 0.167945133701212 0.574141668426243 0.297443041716792 0.576205103476217
"ZBTB33" 0.467855774610478 -0.143983491681404 0.364152828612691 0.473846946011539 0.506105149391819 0.435866894826873
"ZBTB7A" -0.461216612495509 0.534445367868652 -0.496331515362282 0.259892257035293 -0.527921206197657 0.60383020724063
"ZEB1" 0.0732452876032281 0.177344917901735 -0.0135115274855473 0.672000914333415 0.111808166363216 0.68515749499509
"ZEB2" -0.84335774529114 0.992293219354026 -0.915520561278129 0.616698942624043 -0.745448745901799 0.851159719771289
"ZFP110" -0.559599731619158 0.42719479283202 -0.526785559354482 0.113840089102329 -0.459881346533772 0.0259285231160362
"ZFP143" 0.562410137701873 -0.720815770282622 0.630147449472868 -0.253894315974982 0.588554093264248 -0.671014415396342
"ZFP217" 0.994754531710268 -0.93141945493076 0.99515907749495 -0.377617015869745 0.950142846565331 -0.596220172887876
"ZFP24" 0.175778839049675 -0.434586839833534 0.27100953291815 -0.711576047987065 0.132015199229745 -0.829898667698013
"ZFP263" -0.0364242312159253 0.186751992737705 -0.0894118088913732 0.378593528300278 -0.0823186854974589 0.547674818736353
"ZFP369" -0.559599731619158 0.42719479283202 -0.526785559354482 0.113840089102329 -0.459881346533772 0.0259285231160362
"ZFP384" 0.95134801454859 -0.899227132527845 0.955191761903119 -0.474671782720536 0.868292065383031 -0.596068728222279
"ZFP592" -0.117442936874862 -0.0500641080469993 -0.0618717622451423 -0.333008277556646 -0.0692558177944007 -0.46543018765564
"ZFP639" -0.195978688581561 -0.0592275821108112 -0.110835865720661 -0.465301114216259 -0.192762045213657 -0.549389906609786
"ZFP740" -0.725780756041734 0.946763974344498 -0.820763221660288 0.727719943415862 -0.615275503989135 0.939140042591584
"ZFX" -0.516527925566665 0.77651110345888 -0.620157590439844 0.764118175489493 -0.438037622666993 0.968306370041433
"ZKSCAN1" 0.496539562175297 -0.762532532024439 0.601964090201105 -0.807400211123486 0.407367656471229 -0.980129484255855
