"Ctrl" "OA" "PA" "PO"
"AHR" -1.04069384791592 -0.887734109089417 -1.14576487964221 -1.13268144858007
"AR" 1.66863039212752 1.68877946885998 1.99220569978846 1.74997845208476
"ARID2" 1.68877946885998 1.99220569978846 1.74997845208476 -0.182355188276613
"ARID3A" 1.99220569978846 1.74997845208476 -0.182355188276613 0.0245887115874659
"ARNT" 1.74997845208476 -0.182355188276613 0.0245887115874659 -0.0379571644629728
"ARNTL" -0.182355188276613 0.0245887115874659 -0.0379571644629728 -0.140418725776743
"ASCL1" 0.0245887115874659 -0.0379571644629728 -0.140418725776743 0.626457013546915
"ATF1" -0.0379571644629728 -0.140418725776743 0.626457013546915 0.519827161277774
"ATF2" -0.140418725776743 0.626457013546915 0.519827161277774 0.697408560886832
"ATF3" 0.626457013546915 0.519827161277774 0.697408560886832 0.578791746067009
"ATF4" 0.519827161277774 0.697408560886832 0.578791746067009 -1.54013010484844
"ATF6" 0.697408560886832 0.578791746067009 -1.54013010484844 -1.56088462166462
"ATF7" 0.578791746067009 -1.54013010484844 -1.56088462166462 -1.389208409977
"BACH1" -1.54013010484844 -1.56088462166462 -1.389208409977 -1.45515835729025
"BACH2" -1.56088462166462 -1.389208409977 -1.45515835729025 -1.70050740574382
"BATF" -1.389208409977 -1.45515835729025 -1.70050740574382 -1.59414879689638
"BCL11A" -1.45515835729025 -1.70050740574382 -1.59414879689638 -1.60469266495165
"BCL6" -1.70050740574382 -1.59414879689638 -1.60469266495165 -1.77441130187606
"BHLHE22" -1.59414879689638 -1.60469266495165 -1.77441130187606 0.183607523001726
"BHLHE40" -1.60469266495165 -1.77441130187606 0.183607523001726 0.00627735781016488
"CDX2" -1.77441130187606 0.183607523001726 0.00627735781016488 0.0655956579111831
"CEBPA" 0.183607523001726 0.00627735781016488 0.0655956579111831 0.283826871054078
"CEBPB" 0.00627735781016488 0.0655956579111831 0.283826871054078 1.23231623573523
"CEBPD" 0.0655956579111831 0.283826871054078 1.23231623573523 1.29089588650251
"CEBPG" 0.283826871054078 1.23231623573523 1.29089588650251 1.09997137345573
"CLOCK" 1.23231623573523 1.29089588650251 1.09997137345573 1.31830846312261
"CREB1" 1.29089588650251 1.09997137345573 1.31830846312261 1.57509934401589
"CREB3" 1.09997137345573 1.31830846312261 1.57509934401589 1.66600065697853
"CREB3L1" 1.31830846312261 1.57509934401589 1.66600065697853 1.94619495046738
"CREM" 1.57509934401589 1.66600065697853 1.94619495046738 1.63305147406321
"CTCF" 1.66600065697853 1.94619495046738 1.63305147406321 -1.86352785571148
"CTCFL" 1.94619495046738 1.63305147406321 -1.86352785571148 -1.75789949206887
"CUX1" 1.63305147406321 -1.86352785571148 -1.75789949206887 -2.10104823723237
"DUX4" -1.86352785571148 -1.75789949206887 -2.10104823723237 -1.9401208237479
"E2F1" -1.75789949206887 -2.10104823723237 -1.9401208237479 1.09763142893138
"E2F2" -2.10104823723237 -1.9401208237479 1.09763142893138 0.932859843391828
"E2F3" -1.9401208237479 1.09763142893138 0.932859843391828 2.07073841527272
"E2F4" 1.09763142893138 0.932859843391828 2.07073841527272 1.14228538401943
"E2F5" 0.932859843391828 2.07073841527272 1.14228538401943 3.42848995696236
"E2F6" 2.07073841527272 1.14228538401943 3.42848995696236 3.36828983512499
"E2F7" 1.14228538401943 3.42848995696236 3.36828983512499 3.90182476646407
"EBF1" 3.42848995696236 3.36828983512499 3.90182476646407 3.56926598542636
"EGR1" 3.36828983512499 3.90182476646407 3.56926598542636 0.027752485984604
"EHF" 3.90182476646407 3.56926598542636 0.027752485984604 -0.00958357256526117
"ELF1" 3.56926598542636 0.027752485984604 -0.00958357256526117 0.186253009141196
"ELF3" 0.027752485984604 -0.00958357256526117 0.186253009141196 0.0554328763390691
"ELF5" -0.00958357256526117 0.186253009141196 0.0554328763390691 0.455512273539802
"ELK1" 0.186253009141196 0.0554328763390691 0.455512273539802 0.477195425649062
"ELK4" 0.0554328763390691 0.455512273539802 0.477195425649062 0.824662156724514
"EOMES" 0.455512273539802 0.477195425649062 0.824662156724514 0.500491042934985
"EPAS1" 0.477195425649062 0.824662156724514 0.500491042934985 -0.381508179199566
"ERG" 0.824662156724514 0.500491042934985 -0.381508179199566 -0.50176741008322
"ESR1" 0.500491042934985 -0.381508179199566 -0.50176741008322 -0.344418027323179
"ESR2" -0.381508179199566 -0.50176741008322 -0.344418027323179 -0.50335312834997
"ESRRA" -0.50176741008322 -0.344418027323179 -0.50335312834997 -1.97243730307864
"ETS1" -0.344418027323179 -0.50335312834997 -1.97243730307864 -1.98537691488313
"ETS2" -0.50335312834997 -1.97243730307864 -1.98537691488313 -1.90943284238341
"ETV1" -1.97243730307864 -1.98537691488313 -1.90943284238341 -1.94983479758341
"ETV4" -1.98537691488313 -1.90943284238341 -1.94983479758341 -2.01542629133657
"FLI1" -1.90943284238341 -1.94983479758341 -2.01542629133657 -2.15895728590668
"FOS" -1.94983479758341 -2.01542629133657 -2.15895728590668 -1.98358831225018
"FOSL1" -2.01542629133657 -2.15895728590668 -1.98358831225018 -2.02122989688438
"FOSL2" -2.15895728590668 -1.98358831225018 -2.02122989688438 0.690957199425897
"FOXA1" -1.98358831225018 -2.02122989688438 0.690957199425897 0.607738859683243
"FOXA2" -2.02122989688438 0.690957199425897 0.607738859683243 0.393056799257352
"FOXJ2" 0.690957199425897 0.607738859683243 0.393056799257352 0.570041605582022
"FOXK2" 0.607738859683243 0.393056799257352 0.570041605582022 -0.0235978376756996
"FOXL2" 0.393056799257352 0.570041605582022 -0.0235978376756996 -0.235964977034955
"FOXM1" 0.570041605582022 -0.0235978376756996 -0.235964977034955 -0.00446905548586272
"FOXO1" -0.0235978376756996 -0.235964977034955 -0.00446905548586272 -0.184551536148622
"FOXO3" -0.235964977034955 -0.00446905548586272 -0.184551536148622 -0.358316081795378
"FOXO4" -0.00446905548586272 -0.184551536148622 -0.358316081795378 -0.433419410673264
"FOXP1" -0.184551536148622 -0.358316081795378 -0.433419410673264 -0.440688536693763
"FOXP2" -0.358316081795378 -0.433419410673264 -0.440688536693763 -0.437538315702891
"GABPA" -0.433419410673264 -0.440688536693763 -0.437538315702891 -4.02684256196235
"GATA1" -0.440688536693763 -0.437538315702891 -4.02684256196235 -3.91356105185456
"GATA2" -0.437538315702891 -4.02684256196235 -3.91356105185456 -3.35729938660868
"GATA3" -4.02684256196235 -3.91356105185456 -3.35729938660868 -3.85096518284578
"GATA4" -3.91356105185456 -3.35729938660868 -3.85096518284578 1.67689399111501
"GATA6" -3.35729938660868 -3.85096518284578 1.67689399111501 1.56660931868006
"GFI1B" -3.85096518284578 1.67689399111501 1.56660931868006 1.37315443969405
"GLI2" 1.67689399111501 1.56660931868006 1.37315443969405 1.50424381284183
"GRHL2" 1.56660931868006 1.37315443969405 1.50424381284183 0.642738890895057
"HBP1" 1.37315443969405 1.50424381284183 0.642738890895057 0.335682236168647
"HHEX" 1.50424381284183 0.642738890895057 0.335682236168647 0.483781212654913
"HIF1A" 0.642738890895057 0.335682236168647 0.483781212654913 0.252619822494367
"HINFP" 0.335682236168647 0.483781212654913 0.252619822494367 2.15726023711282
"HMBOX1" 0.483781212654913 0.252619822494367 2.15726023711282 1.11213872888634
"HNF1A" 0.252619822494367 2.15726023711282 1.11213872888634 1.42493788410483
"HNF1B" 2.15726023711282 1.11213872888634 1.42493788410483 1.50041579343681
"HNF4A" 1.11213872888634 1.42493788410483 1.50041579343681 -0.200336262330002
"HNF4G" 1.42493788410483 1.50041579343681 -0.200336262330002 -0.103969066249272
"HOXA9" 1.50041579343681 -0.200336262330002 -0.103969066249272 0.0503534038840329
"HOXB13" -0.200336262330002 -0.103969066249272 0.0503534038840329 -0.147841952290016
"HSF1" -0.103969066249272 0.0503534038840329 -0.147841952290016 -1.01927301971951
"IKZF1" 0.0503534038840329 -0.147841952290016 -1.01927301971951 -1.18647544440933
"IRF1" -0.147841952290016 -1.01927301971951 -1.18647544440933 -1.1036271551931
"IRF2" -1.01927301971951 -1.18647544440933 -1.1036271551931 -1.09656021730981
"IRF3" -1.18647544440933 -1.1036271551931 -1.09656021730981 -0.681382313439135
"IRF4" -1.1036271551931 -1.09656021730981 -0.681382313439135 -0.204955432378079
"IRF9" -1.09656021730981 -0.681382313439135 -0.204955432378079 -0.472186128960403
"JUN" -0.681382313439135 -0.204955432378079 -0.472186128960403 -0.403073132350035
"JUNB" -0.204955432378079 -0.472186128960403 -0.403073132350035 1.48530771468934
"JUND" -0.472186128960403 -0.403073132350035 1.48530771468934 1.51255831247978
"KDM5B" -0.403073132350035 1.48530771468934 1.51255831247978 1.44668916282925
"KLF1" 1.48530771468934 1.51255831247978 1.44668916282925 1.46985398065611
"KLF13" 1.51255831247978 1.44668916282925 1.46985398065611 1.89823404149666
"KLF3" 1.44668916282925 1.46985398065611 1.89823404149666 1.9329724994379
"KLF4" 1.46985398065611 1.89823404149666 1.9329724994379 1.93420296609665
"KLF5" 1.89823404149666 1.9329724994379 1.93420296609665 1.97985807981131
"KLF6" 1.9329724994379 1.93420296609665 1.97985807981131 -0.541806555869139
"KLF9" 1.93420296609665 1.97985807981131 -0.541806555869139 -0.459977547444648
"KMT2A" 1.97985807981131 -0.541806555869139 -0.459977547444648 -0.361172422081973
"LEF1" -0.541806555869139 -0.459977547444648 -0.361172422081973 -0.531374752127535
"LHX2" -0.459977547444648 -0.361172422081973 -0.531374752127535 0.165683686643409
"LYL1" -0.361172422081973 -0.531374752127535 0.165683686643409 0.174853039789904
"MAF" -0.531374752127535 0.165683686643409 0.174853039789904 0.0625979162977685
"MAFB" 0.165683686643409 0.174853039789904 0.0625979162977685 0.102108071995291
"MAFF" 0.174853039789904 0.0625979162977685 0.102108071995291 -0.897014415176777
"MAFG" 0.0625979162977685 0.102108071995291 -0.897014415176777 -0.823820349065012
"MAFK" 0.102108071995291 -0.897014415176777 -0.823820349065012 -1.16725009697711
"MAX" -0.897014415176777 -0.823820349065012 -1.16725009697711 -0.885333804287155
"MAZ" -0.823820349065012 -1.16725009697711 -0.885333804287155 0.986125287405494
"MBD1" -1.16725009697711 -0.885333804287155 0.986125287405494 0.812639097241636
"MBD2" -0.885333804287155 0.986125287405494 0.812639097241636 0.97277439613005
"MEF2A" 0.986125287405494 0.812639097241636 0.97277439613005 0.938367213518156
"MEF2B" 0.812639097241636 0.97277439613005 0.938367213518156 -2.2691019075165
"MEF2C" 0.97277439613005 0.938367213518156 -2.2691019075165 -1.98410342854997
"MEIS1" 0.938367213518156 -2.2691019075165 -1.98410342854997 -2.15941408460465
"MEIS2" -2.2691019075165 -1.98410342854997 -2.15941408460465 -2.11096043983752
"MITF" -1.98410342854997 -2.15941408460465 -2.11096043983752 -0.397772540997638
"MNT" -2.15941408460465 -2.11096043983752 -0.397772540997638 0.240366997640941
"MXI1" -2.11096043983752 -0.397772540997638 0.240366997640941 -0.699610010852336
"MYB" -0.397772540997638 0.240366997640941 -0.699610010852336 -0.242223462957882
"MYBL2" 0.240366997640941 -0.699610010852336 -0.242223462957882 1.41367133694888
"MYC" -0.699610010852336 -0.242223462957882 1.41367133694888 1.76960011798077
"MYCN" -0.242223462957882 1.41367133694888 1.76960011798077 1.02184930998996
"MYOD1" 1.41367133694888 1.76960011798077 1.02184930998996 1.46305975844131
"NANOG" 1.76960011798077 1.02184930998996 1.46305975844131 1.46854315959935
"NCOA1" 1.02184930998996 1.46305975844131 1.46854315959935 1.68574866467454
"NCOA2" 1.46305975844131 1.46854315959935 1.68574866467454 1.17561247015226
"NCOA3" 1.46854315959935 1.68574866467454 1.17561247015226 1.51117216386051
"NEUROD1" 1.68574866467454 1.17561247015226 1.51117216386051 3.74556022142102
"NFATC1" 1.17561247015226 1.51117216386051 3.74556022142102 4.60132463951294
"NFATC2" 1.51117216386051 3.74556022142102 4.60132463951294 3.09767422717878
"NFE2" 3.74556022142102 4.60132463951294 3.09767422717878 3.87681431875877
"NFE2L1" 4.60132463951294 3.09767422717878 3.87681431875877 1.13360594619136
"NFE2L2" 3.09767422717878 3.87681431875877 1.13360594619136 1.28302140268447
"NFIC" 3.87681431875877 1.13360594619136 1.28302140268447 0.999928572101302
"NFKB1" 1.13360594619136 1.28302140268447 0.999928572101302 1.20296055714082
"NFKB2" 1.28302140268447 0.999928572101302 1.20296055714082 -0.868660276664312
"NFYA" 0.999928572101302 1.20296055714082 -0.868660276664312 -0.906989335004883
"NFYB" 1.20296055714082 -0.868660276664312 -0.906989335004883 -0.959662175394896
"NR1H2" -0.868660276664312 -0.906989335004883 -0.959662175394896 -0.967987134686251
"NR1H3" -0.906989335004883 -0.959662175394896 -0.967987134686251 3.61771015478051
"NR2C2" -0.959662175394896 -0.967987134686251 3.61771015478051 3.8594824912002
"NR2F1" -0.967987134686251 3.61771015478051 3.8594824912002 3.45401057034105
"NR2F2" 3.61771015478051 3.8594824912002 3.45401057034105 3.55405585529439
"NR2F6" 3.8594824912002 3.45401057034105 3.55405585529439 -1.27912743951368
"NR3C1" 3.45401057034105 3.55405585529439 -1.27912743951368 -1.31636391503012
"NR4A1" 3.55405585529439 -1.27912743951368 -1.31636391503012 -1.64624979577147
"NR5A1" -1.27912743951368 -1.31636391503012 -1.64624979577147 -1.30287136015529
"NR5A2" -1.31636391503012 -1.64624979577147 -1.30287136015529 2.89817341255563
"NRF1" -1.64624979577147 -1.30287136015529 2.89817341255563 2.93727679611895
"ONECUT1" -1.30287136015529 2.89817341255563 2.93727679611895 3.14621909524484
"OTX2" 2.89817341255563 2.93727679611895 3.14621909524484 3.01915213721246
"PAX5" 2.93727679611895 3.14621909524484 3.01915213721246 -0.0844575193956207
"PAX6" 3.14621909524484 3.01915213721246 -0.0844575193956207 -0.115048369646299
"PAX8" 3.01915213721246 -0.0844575193956207 -0.115048369646299 -0.102097146233781
"PBX2" -0.0844575193956207 -0.115048369646299 -0.102097146233781 -0.0970297030944064
"PBX3" -0.115048369646299 -0.102097146233781 -0.0970297030944064 1.64659332778542
"PDX1" -0.102097146233781 -0.0970297030944064 1.64659332778542 1.62684275377231
"PGR" -0.0970297030944064 1.64659332778542 1.62684275377231 1.72335190418524
"PKNOX1" 1.64659332778542 1.62684275377231 1.72335190418524 1.64056842674447
"POU2F1" 1.62684275377231 1.72335190418524 1.64056842674447 -2.4594324729904
"POU2F2" 1.72335190418524 1.64056842674447 -2.4594324729904 -2.37895376085624
"POU4F2" 1.64056842674447 -2.4594324729904 -2.37895376085624 -2.19543811409578
"POU5F1" -2.4594324729904 -2.37895376085624 -2.19543811409578 -2.42398814410346
"PPARA" -2.37895376085624 -2.19543811409578 -2.42398814410346 0.123963728098803
"PPARG" -2.19543811409578 -2.42398814410346 0.123963728098803 0.277971232657699
"PRDM1" -2.42398814410346 0.123963728098803 0.277971232657699 0.150294336520973
"PRDM14" 0.123963728098803 0.277971232657699 0.150294336520973 0.151059771489892
"PROX1" 0.277971232657699 0.150294336520973 0.151059771489892 1.47617245369084
"RARA" 0.150294336520973 0.151059771489892 1.47617245369084 1.50181950753267
"RBPJ" 0.151059771489892 1.47617245369084 1.50181950753267 1.32368474134918
"REL" 1.47617245369084 1.50181950753267 1.32368474134918 1.48995460110666
"RELA" 1.50181950753267 1.32368474134918 1.48995460110666 0.493081123091061
"RELB" 1.32368474134918 1.48995460110666 0.493081123091061 0.569744174378839
"REST" 1.48995460110666 0.493081123091061 0.569744174378839 0.428698096459283
"RFX1" 0.493081123091061 0.569744174378839 0.428698096459283 0.508668836726961
"RFX2" 0.569744174378839 0.428698096459283 0.508668836726961 -1.52811370630066
"RFX5" 0.428698096459283 0.508668836726961 -1.52811370630066 -1.8062928294901
"RUNX1" 0.508668836726961 -1.52811370630066 -1.8062928294901 -1.58435005001081
"RUNX2" -1.52811370630066 -1.8062928294901 -1.58435005001081 -1.57458811901375
"RUNX3" -1.8062928294901 -1.58435005001081 -1.57458811901375 0.751338749712292
"RXRA" -1.58435005001081 -1.57458811901375 0.751338749712292 0.504271601968504
"SIX2" -1.57458811901375 0.751338749712292 0.504271601968504 0.455673730001877
"SIX5" 0.751338749712292 0.504271601968504 0.455673730001877 0.699271404666115
"SMAD1" 0.504271601968504 0.455673730001877 0.699271404666115 2.41623112687017
"SMAD3" 0.455673730001877 0.699271404666115 2.41623112687017 2.53278651083449
"SMAD4" 0.699271404666115 2.41623112687017 2.53278651083449 2.73594345996633
"SMAD5" 2.41623112687017 2.53278651083449 2.73594345996633 2.54264822283008
"SNAI2" 2.53278651083449 2.73594345996633 2.54264822283008 0.807848314670609
"SNAPC4" 2.73594345996633 2.54264822283008 0.807848314670609 0.649855575178324
"SOX10" 2.54264822283008 0.807848314670609 0.649855575178324 0.625476248613851
"SOX11" 0.807848314670609 0.649855575178324 0.625476248613851 0.769330492925614
"SOX13" 0.649855575178324 0.625476248613851 0.769330492925614 0.217419805899458
"SOX2" 0.625476248613851 0.769330492925614 0.217419805899458 0.128738147813049
"SOX6" 0.769330492925614 0.217419805899458 0.128738147813049 0.35389526971603
"SOX9" 0.217419805899458 0.128738147813049 0.35389526971603 0.173225130983192
"SP1" 0.128738147813049 0.35389526971603 0.173225130983192 0.358351703615803
"SP2" 0.35389526971603 0.173225130983192 0.358351703615803 0.136909522778136
"SP3" 0.173225130983192 0.358351703615803 0.136909522778136 0.475017101131799
"SP4" 0.358351703615803 0.136909522778136 0.475017101131799 0.505445649477683
"SPI1" 0.136909522778136 0.475017101131799 0.505445649477683 1.58386377854225
"SPIB" 0.475017101131799 0.505445649477683 1.58386377854225 1.68822605553585
"SREBF1" 0.505445649477683 1.58386377854225 1.68822605553585 1.2516178372721
"SREBF2" 1.58386377854225 1.68822605553585 1.2516178372721 1.6269603484979
"SRF" 1.68822605553585 1.2516178372721 1.6269603484979 -0.646383122955479
"STAT1" 1.2516178372721 1.6269603484979 -0.646383122955479 -0.356130867464452
"STAT2" 1.6269603484979 -0.646383122955479 -0.356130867464452 -0.79621142073927
"STAT3" -0.646383122955479 -0.356130867464452 -0.79621142073927 -0.595879115170816
"STAT4" -0.356130867464452 -0.79621142073927 -0.595879115170816 -0.873088289225529
"STAT5A" -0.79621142073927 -0.595879115170816 -0.873088289225529 -0.537123621334527
"STAT5B" -0.595879115170816 -0.873088289225529 -0.537123621334527 -1.02415623251502
"STAT6" -0.873088289225529 -0.537123621334527 -1.02415623251502 -0.838010614140673
"TAL1" -0.537123621334527 -1.02415623251502 -0.838010614140673 2.6801619220092
"TBP" -1.02415623251502 -0.838010614140673 2.6801619220092 2.66222806424524
"TBX21" -0.838010614140673 2.6801619220092 2.66222806424524 2.58021235836106
"TCF12" 2.6801619220092 2.66222806424524 2.58021235836106 2.60333947105535
"TCF3" 2.66222806424524 2.58021235836106 2.60333947105535 1.07010129823168
"TCF4" 2.58021235836106 2.60333947105535 1.07010129823168 1.13795231569746
"TCF7" 2.60333947105535 1.07010129823168 1.13795231569746 1.31062949837456
"TCF7L2" 1.07010129823168 1.13795231569746 1.31062949837456 1.15877488660783
"TEAD1" 1.13795231569746 1.31062949837456 1.15877488660783 -1.2501459876914
"TEAD2" 1.31062949837456 1.15877488660783 -1.2501459876914 -1.38762737116523
"TEAD4" 1.15877488660783 -1.2501459876914 -1.38762737116523 -1.05258373601429
"TFAP2A" -1.2501459876914 -1.38762737116523 -1.05258373601429 -1.28109947964005
"TFAP2C" -1.38762737116523 -1.05258373601429 -1.28109947964005 2.39688707439951
"TFAP4" -1.05258373601429 -1.28109947964005 2.39688707439951 2.32617979938727
"TFDP1" -1.28109947964005 2.39688707439951 2.32617979938727 2.6873030248656
"TGIF2" 2.39688707439951 2.32617979938727 2.6873030248656 2.441982326912
"THAP1" 2.32617979938727 2.6873030248656 2.441982326912 0.617169837591446
"THAP11" 2.6873030248656 2.441982326912 0.617169837591446 0.907992670170491
"TP53" 2.441982326912 0.617169837591446 0.907992670170491 0.537165967893839
"TP63" 0.617169837591446 0.907992670170491 0.537165967893839 0.742809215054708
"TP73" 0.907992670170491 0.537165967893839 0.742809215054708 0.094428019417456
"TWIST1" 0.537165967893839 0.742809215054708 0.094428019417456 -0.101188417421206
"USF1" 0.742809215054708 0.094428019417456 -0.101188417421206 0.0594748220493356
"USF2" 0.094428019417456 -0.101188417421206 0.0594748220493356 0.0838916146135462
"VDR" -0.101188417421206 0.0594748220493356 0.0838916146135462 -0.240379935257772
"WT1" 0.0594748220493356 0.0838916146135462 -0.240379935257772 -0.269494656657693
"XBP1" 0.0838916146135462 -0.240379935257772 -0.269494656657693 -0.351123000875326
"YY1" -0.240379935257772 -0.269494656657693 -0.351123000875326 -0.273924570846551
"ZBED1" -0.269494656657693 -0.351123000875326 -0.273924570846551 -1.04437440507378
"ZBTB11" -0.351123000875326 -0.273924570846551 -1.04437440507378 -0.921153674037682
"ZBTB33" -0.273924570846551 -1.04437440507378 -0.921153674037682 -0.906053471408038
"ZBTB7A" -1.04437440507378 -0.921153674037682 -0.906053471408038 -1.02787034790199
"ZEB1" -0.921153674037682 -0.906053471408038 -1.02787034790199 1.726359677884
"ZEB2" -0.906053471408038 -1.02787034790199 1.726359677884 1.68324299380523
"ZFX" -1.02787034790199 1.726359677884 1.68324299380523 1.96448848560592
"ZKSCAN1" 1.726359677884 1.68324299380523 1.96448848560592 1.74425956143513
"ZNF143" 1.68324299380523 1.96448848560592 1.74425956143513 -0.339789100381576
"ZNF217" 1.96448848560592 1.74425956143513 -0.339789100381576 -0.52403872358328
"ZNF24" 1.74425956143513 -0.339789100381576 -0.52403872358328 -0.636189498382296
"ZNF263" -0.339789100381576 -0.52403872358328 -0.636189498382296 -0.702290671824548
"ZNF274" -0.52403872358328 -0.636189498382296 -0.702290671824548 1.91083850166413
"ZNF384" -0.636189498382296 -0.702290671824548 1.91083850166413 2.38656481504413
"ZNF592" -0.702290671824548 1.91083850166413 2.38656481504413 1.63186374562127
"ZNF639" 1.91083850166413 2.38656481504413 1.63186374562127 2.02943536592677
"ZNF740" 2.38656481504413 1.63186374562127 2.02943536592677 -2.34729567727821
